# why does -2 have better reflections? 
cam 0 0 0 -1 -1 -3 1 -1 -3 -1 1 -3 1 1 -3

ltd 0.57735027 -0.57735027 -0.57735027 1 1 1 
ltd -0.57735027 0.57735027 0.57735027 1 1 1
lta 0 0 0

//red
sph 0 0 -17 1
mat 0.1 0.1 0.1 1 0 0 1 1 1 50 .9 .9 .9 
xfr 0 0 0
xfs 4 2 2

//green
sph -2 4 -17 1
mat 0.1 0.1 0.1 0 1 0 1 1 1 50 .9 .9 .9 
xfr 0 -45 -45
xfs 0.5 1.5 1

//blue
sph -2 -4 -17 1
mat 0.1 0.1 0.1 0 0 1 1 1 1 59 .9 .9 .9 
xfr 0 -45 45
xfs 0.5 1.5 1

//yellow
sph 2 4 -17 1
mat 0.1 0.1 0.1 1 1 0 1 1 1 50 .9 .9 .9 
xfr 0 45 45
xfs 0.5 1.5 1

// light blue
sph 2 -4 -17 1
mat 0.1 0.1 0.1 0 1 1 1 1 1 50 .9 .9 .9 
xfr 0 45 -45
xfs 0.5 1.5 1

